-47
-284
-861
-410
43
-753
77
-26
-31
-270
-114
495
-132
-144
-41
-1
-53
-1
186
1236
-168
-384
-249
1542
-1
-108
1
-486
-498
-1
48
-351
96
189
-81
-459
191
2
-2
-660
2
549
1080
111
1
-1
-2
1044
-213
168
318
-159
-153
-2
-399
-564
-471
-387
-177
-797
-186
-66
150
-1
-1
-117
2
177
1
-1287
-231
-432
-564
-1
1
1
1
1
-1
1
162
-432
-105
-1
-23
108
-115
-272
-174
-189
-267
-3
-1
-525
-104
-104
1
-180
-684
-753
-192
-366
579
-219
50
162
-2
-2
1
456
399
186
351
1998
126
1
621
1
1
-1
-123
-318
-243
1
-1
-318
516
-462
-117
432
-246
-258
376
-72
-345
-138
1
102
-1
228
