280
-438
402
-207
318
-585
-150
-504
921
-237
-540
-171
-852
1188
-1326
570
-156
114
177
333
-495
-219
-327
681
-30
234
369
165
-582
60
-411
-362
-699
-45
-558
-108
-153
-309
303
468
396
-672
261
-1
33
-315
234
-624
-831
393
-96
-858
270
-87
588
168
342
-252
30
-1053
-561
-219
-573
-783
-105
312
-10
627
798
-756
-1488
531
63
729
-339
-78
-1242
-90
-417
-1602
-33
-6
181
-111
216
-45
-201
-441
-399
-294
-44
-171
138
1
-2
-1
-849
-366
1110
474
192
-951
327
582
723
-684
42
-876
231
357
-258
1110
-18
1
-2061
-426
-54
315
-219
-93
-222
-54
-258
-234
-849
-912
-342
-21
-1284
120
1311
2271
-459
315
387
108
186
843
378
-267
306
-159
102
201
3
-63
948
-180
105
-24
-1206
357
399
-468
1083
894
327
-996
84
-285
214
1545
783
273
-31
-246
-348
-159
804
-615
168
579
-171
-1
321
18
-78
-915
-252
-135
-864
-315
-222
450
1
480
-456
-153
945
-444
1026
-1644
-207
-120
705
-354
369
-399
48
138
306
813
672
-261
-312
33
228
-1449
-168
525
-156
207
114
-399
3789
-129
207
438
429
189
-6
-90
1053
-84
-9
358
498
288
-18
-63
618
339
477
972
-18
-582
-330
-129
-336
201
-292
246
-1098
333
321
54
-891
48
342
-108
-171
1095
285
327
-174
663
-219
183
213
-192
-342
1
-1
-1
-1
1
228
465
453
-159
9
-105
-444
-1116
132
195
51
372
-75
-57
234
1248
957
382
-132
759
-87
1086
321
-126
1077
-813
3
-23
183
-194
354
-111
108
-247
258
180
-201
-705
-1125
-540
-156
246
-7
-1008
175
-33
30
342
39
-75
87
213
-654
657
-1056
399
261
-60
241
-195
-345
864
-558
564
-9
-285
-104
285
-126
312
-132
-258
684
483
-57
438
405
924
480
-111
180
91
-655
858
-159
-219
-441
855
84
222
483
-549
87
-405
441
549
-432
-375
-208
555
486
-654
-1086
717
220
169
-297
-876
450
-471
66
468
531
117
156
408
87
333
-201
-324
-444
-1173
288
150
33
-45
-117
-801
-762
3
204
-177
300
128
-666
336
-261
-255
-9
-1
-888
-365
-123
-308
-150
327
594
-100
-324
-444
-189
-102
-183
-282
-441
-345
-243
1953
-267
-372
-1236
213
966
1119
642
225
27
-429
-660
447
195
-42
-474
348
1
129
126
-153
-48
-1230
71
-369
-513
-327
-165
207
-429
114
-117
-47
-117
-219
-216
63
-1272
-300
-306
822
756
264
-399
-483
-180
210
74
771
-393
-1374
525
3
84
-84
507
246
903
969
270
219
228
531
-375
381
60
-651
-750
36
-444
-324
-204
465
-195
333
12
231
144
-21
-144
1749
3
339
303
426
-366
-12
-546
-1077
1134
804
-169
-117
441
138
-15
-15
30
-858
-564
237
225
102
312
-42
165
-258
-291
3
-147
180
-327
156
-192
411
165
-315
-414
-924
201
1281
555
120
590
-102
-1
-3
615
456
-18
-228
-400
423
-855
-564
243
-123
-252
120
84
273
-12
